011010
001010
0011111
110011010
0011000110
1100001010
1001110110
111001101111
001010111010
110000100010110
1100001010111010
0001110101111101
0000101110101111
1110110111101101
0010110110000110
100000111101111111
00110000110001101111
11000100001100000010
11000100011011101111
0001010100000010000110
0011000110000111111000110
0001100110011101000001111
110001000110000111110011111
00010100111010001111111001110
1100010000011110001111111101111
11000100010110100001111111101101
00011000001000110000111110011111
110001101111011010001011011101101
0011011110011011000100001111111101101
000101101100001100001011011000011011100110001011011100110001011010110011011010011110
